#Time (us) ; Current (mA) ; Voltage (V) ; PC ; IRQ 
1893799408 ; 4.91355 ; 3.30528 ; 0 ; 0
1893886408 ; 4.9379 ; 3.30399 ; 0 ; 0
1893970408 ; 4.89772 ; 3.30399 ; 0 ; 0
1894070408 ; 4.90868 ; 3.30368 ; 0 ; 0
1894168408 ; 4.91233 ; 3.30551 ; 0 ; 0
1894259408 ; 4.9452 ; 3.30399 ; 0 ; 0
1894353408 ; 4.91963 ; 3.30414 ; 0 ; 0
1894456408 ; 4.90989 ; 3.30399 ; 0 ; 0
1894547408 ; 17.2452 ; 3.30704 ; 0 ; 0
1894641408 ; 5.05964 ; 3.30421 ; 0 ; 0
1894730408 ; 5.06208 ; 3.3036 ; 0 ; 0
1894820408 ; 5.05112 ; 3.30383 ; 0 ; 0
1894911408 ; 5.06938 ; 3.30376 ; 0 ; 0
1895000408 ; 5.02555 ; 3.30399 ; 0 ; 0
1895092408 ; 5.0706 ; 3.30368 ; 0 ; 0
1895189408 ; 5.06451 ; 3.30444 ; 0 ; 0
1895276408 ; 5.08277 ; 3.30383 ; 0 ; 0
1895366408 ; 5.05964 ; 3.30391 ; 0 ; 0
1895450408 ; 5.06938 ; 3.30383 ; 0 ; 0
1895543408 ; 5.05112 ; 3.30353 ; 0 ; 0
1895640408 ; 5.05112 ; 3.3036 ; 0 ; 0
1895723408 ; 5.0779 ; 3.30421 ; 0 ; 0
1895813408 ; 5.06451 ; 3.30399 ; 0 ; 0
1895907408 ; 5.05842 ; 3.30368 ; 0 ; 0
1895996408 ; 5.06573 ; 3.30391 ; 0 ; 0
1896090408 ; 5.05964 ; 3.30376 ; 0 ; 0
1896174408 ; 5.09738 ; 3.30399 ; 0 ; 0
1896263408 ; 5.05964 ; 3.30376 ; 0 ; 0
1896350408 ; 5.0706 ; 3.30383 ; 0 ; 0
1896441408 ; 5.07669 ; 3.30391 ; 0 ; 0
1896527408 ; 5.05721 ; 3.3036 ; 0 ; 0
1896619408 ; 5.04503 ; 3.30376 ; 0 ; 0
1896708408 ; 5.06816 ; 3.30383 ; 0 ; 0
1896795408 ; 5.0146 ; 3.30528 ; 0 ; 0
1896885408 ; 5.05721 ; 3.30345 ; 0 ; 0
1896976408 ; 5.06938 ; 3.30399 ; 0 ; 0
1897066408 ; 4.90137 ; 3.30429 ; 0 ; 0
1897155408 ; 4.91233 ; 3.30421 ; 0 ; 0
1897247408 ; 17.2196 ; 3.3065 ; 0 ; 0
1897337408 ; 5.05721 ; 3.30353 ; 0 ; 0
1897428408 ; 5.06816 ; 3.30383 ; 0 ; 0
1897526408 ; 5.06938 ; 3.30383 ; 0 ; 0
1897619408 ; 5.06329 ; 3.30528 ; 0 ; 0
1897708408 ; 5.08521 ; 3.30406 ; 0 ; 0
1897800408 ; 5.05112 ; 3.30421 ; 0 ; 0
1897891408 ; 5.05112 ; 3.30345 ; 0 ; 0
1897984408 ; 5.07547 ; 3.30376 ; 0 ; 0
1898086408 ; 5.04868 ; 3.30482 ; 0 ; 0
1898177408 ; 5.05599 ; 3.30536 ; 0 ; 0
1898267408 ; 5.04868 ; 3.30368 ; 0 ; 0
1898362408 ; 5.06208 ; 3.3036 ; 0 ; 0
1898449408 ; 5.03773 ; 3.30513 ; 0 ; 0
1898539408 ; 5.06208 ; 3.30376 ; 0 ; 0
1898625408 ; 5.05842 ; 3.30368 ; 0 ; 0
1898716408 ; 5.08034 ; 3.30368 ; 0 ; 0
1898811408 ; 5.06695 ; 3.30391 ; 0 ; 0
1898902408 ; 5.08399 ; 3.30444 ; 0 ; 0
1898996408 ; 5.07425 ; 3.30528 ; 0 ; 0
1899082408 ; 5.07425 ; 3.30383 ; 0 ; 0
1899171408 ; 5.05234 ; 3.30391 ; 0 ; 0
1899261408 ; 5.04016 ; 3.30383 ; 0 ; 0
1899351408 ; 5.05842 ; 3.30368 ; 0 ; 0
1899441408 ; 5.04016 ; 3.30391 ; 0 ; 0
1899530408 ; 5.06938 ; 3.30376 ; 0 ; 0
1899618408 ; 5.06086 ; 3.30368 ; 0 ; 0
1899709408 ; 4.90868 ; 3.3036 ; 0 ; 0
1899807408 ; 4.88189 ; 3.30391 ; 0 ; 0
1899896408 ; 4.90624 ; 3.30368 ; 0 ; 0
1899989408 ; 4.90989 ; 3.30475 ; 0 ; 0
1900076408 ; 4.89772 ; 3.30383 ; 0 ; 0
1900167408 ; 4.9172 ; 3.30353 ; 0 ; 0
1900264408 ; 4.8965 ; 3.30421 ; 0 ; 0
