Current (mA)
0.000151851
0.000834681
0.000632502
0.00072787 
0.000273921
0.000376918
0.00022433
0.000743129
0.000304438 
0.000182368 
0.000369288 
0.00101397
0.000521876
0.000235774
0.00176547
0.000239589
0.000975825
0.000762202
0.000952937
0.000666835
3.41851 
3.32964
3.33329
3.33816 
3.33937 
3.32842
3.32598
3.32964 
3.31868
3.3272 
3.3199
3.33694
3.3272 
3.3345 
3.33572 
3.33207
3.31624
3.32842
3.30529 
3.32233
3.34059 
3.35642
0.000968196
1.07067e-05
0.000949122
0.000422694
0.00149081
0.00078509
7.17419e-05
0.00050280
0.00115512
-8.84754e-05
0.000548579
0.000590541
0.000739314
0.000682093
0.000811793
0.00112841
3.41729
3.30529
3.33694
3.32477
3.32477
3.32111 
3.32355 
3.3345 
3.33572
3.3345 
3.32964
3.31381
3.31868
3.32964 
3.32842
3.32842
3.31259
3.32842
3.35155 
3.3479
3.33937
3.34424
0.000689723
0.000769831
0.00041125
0.00112078
0.000323512
0.00167391
0.000327327
0.00041125
0.000880458
0.000659205
0.00135729
0.00053332
0.000457026
0.000498988
0.000109889
7.93713e-05
0.00139544
0.000193812
0.000354029
0.000827052
0.0014107
0.000895716